{
    "training": {
        "episode": [
            100,
            200,
            300,
            400,
            500,
            600,
            700,
            800,
            900,
            1000,
            1100,
            1200,
            1300,
            1400,
            1500,
            1600,
            1700,
            1800,
            1900,
            2000,
            2100,
            2200,
            2300,
            2400,
            2500,
            2600,
            2700,
            2800,
            2900,
            3000,
            3100,
            3200,
            3300,
            3400,
            3500,
            3600,
            3700,
            3800,
            3900,
            4000
        ],
        "score": [
            -0.4237410071942446,
            -0.4661016949152542,
            -0.4369230769230769,
            -0.56015625,
            -0.46885245901639344,
            -0.4888,
            -0.3951612903225806,
            -0.49230769230769234,
            -0.48333333333333334,
            -0.35037593984962406,
            -0.3605504587155963,
            -0.5693069306930693,
            -0.4656,
            -0.26571428571428574,
            -0.42389380530973453,
            -0.22295081967213115,
            -0.46136363636363636,
            -0.42280701754385963,
            -0.22040816326530613,
            -0.31,
            -0.3688,
            -0.37023809523809526,
            -0.12900763358778625,
            -0.38229166666666664,
            -0.3403361344537815,
            -0.43410852713178294,
            -0.14297520661157026,
            -0.2414814814814815,
            -0.46942148760330576,
            -0.5235294117647059,
            -0.06896551724137931,
            -0.3907407407407407,
            -0.2528925619834711,
            -0.4097560975609756,
            -0.11908396946564885,
            -0.3271428571428571,
            -0.14424778761061946,
            -0.3402061855670103,
            -0.048214285714285716,
            -0.2294736842105263
        ],
        "smoothed_score": [
            -0.6816991957131733,
            -0.5627939138737473,
            -0.535004125986141,
            -0.5087885394363201,
            -0.47700041518200637,
            -0.4863173819057078,
            -0.47039714801384197,
            -0.4674140261737829,
            -0.4581254595855682,
            -0.4311150091802965,
            -0.3932043726736637,
            -0.34703901764908196,
            -0.3548695048880817,
            -0.32352433650462575,
            -0.30131405785702653,
            -0.28816353028769043,
            -0.30323651375712557,
            -0.3200534272260568,
            -0.3144881908170306,
            -0.306288398919145,
            -0.2885518762390848,
            -0.2832367192505802,
            -0.27428780831005023,
            -0.30146761321008775,
            -0.2894866013763833,
            -0.26272109421025314,
            -0.2696771399193137,
            -0.268464451032392,
            -0.279483447992301,
            -0.27638953645782055,
            -0.27225346518636884,
            -0.2778170530317605,
            -0.2649045568899953,
            -0.2863063295197942,
            -0.25885608215786604,
            -0.2774066396612375,
            -0.28081914820422305,
            -0.2630363087850669,
            -0.26322605404478067,
            -0.27424445862881314
        ],
        "completion": [
            0.1,
            0.2,
            0.0,
            0.0,
            0.0,
            0.2,
            0.0,
            0.0,
            0.0,
            0.1,
            0.3,
            0.3,
            0.1,
            0.6,
            0.2,
            0.4,
            0.0,
            0.2,
            0.5,
            0.4,
            0.4,
            0.2,
            0.6,
            0.3,
            0.2,
            0.1,
            0.8,
            0.4,
            0.4,
            0.1,
            0.8,
            0.2,
            0.3,
            0.2,
            0.8,
            0.2,
            0.6,
            0.4,
            0.9,
            0.7
        ],
        "smoothed_completion": [
            0.06719399838352043,
            0.06591284084503204,
            0.05381976055136586,
            0.060783743735037074,
            0.07278459506727342,
            0.0623839054661411,
            0.06254630364003771,
            0.06632125589836951,
            0.05631978009741101,
            0.11489888033839217,
            0.20916807536096696,
            0.29309715750508303,
            0.2827639622542512,
            0.32476680662302504,
            0.37610660708056093,
            0.3934323112406314,
            0.3759648331100268,
            0.3441784334813583,
            0.3442251400801858,
            0.366885927198939,
            0.40845823579874446,
            0.4007115995989456,
            0.4283341131875024,
            0.387360521131606,
            0.40323264408580645,
            0.4443156396421415,
            0.4348238996756456,
            0.43817210922849736,
            0.4195020693596066,
            0.4248452680852158,
            0.4316674696666931,
            0.43619563723690674,
            0.44714523125368033,
            0.41212657160870175,
            0.4648251311189496,
            0.4153978992765335,
            0.4255356483302782,
            0.4617352524362841,
            0.45525705707189135,
            0.4331165121355596
        ],
        "travel_time": [
            138,
            117,
            129,
            127,
            121,
            124,
            123,
            129,
            149,
            132,
            108,
            100,
            124,
            104,
            112,
            121,
            131,
            113,
            146,
            119,
            124,
            83,
            130,
            95,
            118,
            128,
            120,
            134,
            120,
            84,
            86,
            107,
            120,
            122,
            130,
            139,
            112,
            96,
            167,
            94
        ],
        "average_travel_time": [
            117.95,
            118.57,
            117.56333333333333,
            117.375,
            116.946,
            116.82,
            116.82428571428571,
            116.67,
            116.62777777777778,
            116.644,
            116.35454545454546,
            116.465,
            116.50846153846153,
            116.16857142857143,
            115.888,
            115.996875,
            116.00529411764705,
            116.07888888888888,
            116.10526315789474,
            116.016,
            116.12571428571428,
            116.175,
            116.19304347826088,
            116.16125,
            116.1212,
            116.15692307692308,
            116.08,
            116.08178571428572,
            116.16586206896552,
            116.104,
            116.11129032258064,
            116.1321875,
            116.12757575757576,
            116.12735294117647,
            116.12685714285715,
            116.10833333333333,
            116.09864864864865,
            116.08421052631579,
            116.1248717948718,
            116.15875
        ],
        "normalized_deadlocks": [
            0.0,
            0.0,
            0.0,
            0.0,
            0.0,
            0.0,
            0.0,
            0.0,
            0.0,
            0.0,
            0.0,
            0.0,
            0.0,
            0.0,
            0.0,
            0.0,
            0.0,
            0.0,
            0.0,
            0.0,
            0.0,
            0.0,
            0.0,
            0.0,
            0.0,
            0.0,
            0.0,
            0.0,
            0.0,
            0.0,
            0.0,
            0.0,
            0.0,
            0.0,
            0.0,
            0.0,
            0.0,
            0.0,
            0.0,
            0.0
        ],
        "eps_start": [
            0.36603234127322926,
            0.13397967485796175,
            0.04904089407128576,
            0.017950553275045134,
            0.01,
            0.01,
            0.01,
            0.01,
            0.01,
            0.01,
            0.01,
            0.01,
            0.01,
            0.01,
            0.01,
            0.01,
            0.01,
            0.01,
            0.01,
            0.01,
            0.01,
            0.01,
            0.01,
            0.01,
            0.01,
            0.01,
            0.01,
            0.01,
            0.01,
            0.01,
            0.01,
            0.01,
            0.01,
            0.01,
            0.01,
            0.01,
            0.01,
            0.01,
            0.01,
            0.01
        ],
        "action_probs-[B, L, F, R, S]": [
            [
                0.09574468085106383,
                0.3713733075435203,
                0.06769825918762089,
                0.15570599613152805,
                0.30947775628626695
            ],
            [
                0.0712719298245614,
                0.2993421052631579,
                0.027412280701754384,
                0.23793859649122806,
                0.36403508771929827
            ],
            [
                0.0417558886509636,
                0.17880085653104924,
                0.006423982869379015,
                0.029978586723768737,
                0.7430406852248393
            ],
            [
                0.10163339382940109,
                0.0018148820326678765,
                0.0018148820326678765,
                0.009981851179673321,
                0.8847549909255898
            ],
            [
                0.003089598352214212,
                0.027806385169927908,
                0.0020597322348094747,
                0.5272914521112255,
                0.43975283213182287
            ],
            [
                0.36082474226804123,
                0.20824742268041238,
                0.006185567010309278,
                0.4072164948453608,
                0.01752577319587629
            ],
            [
                0.7642585551330798,
                0.07889733840304182,
                0.03231939163498099,
                0.011406844106463879,
                0.11311787072243346
            ],
            [
                0.47110675808031344,
                0.039177277179236046,
                0.0039177277179236044,
                0.4642507345739471,
                0.021547502448579822
            ],
            [
                0.15668580803937654,
                0.0016406890894175555,
                0.002461033634126333,
                0.003281378178835111,
                0.8359310910582445
            ],
            [
                0.7304730473047305,
                0.11221122112211221,
                0.0022002200220022,
                0.1496149614961496,
                0.005500550055005501
            ],
            [
                0.06446776611694154,
                0.6611694152923538,
                0.004497751124437781,
                0.21889055472263869,
                0.050974512743628186
            ],
            [
                0.49477806788511747,
                0.2310704960835509,
                0.0,
                0.21279373368146215,
                0.06135770234986945
            ],
            [
                0.5391221374045801,
                0.1784351145038168,
                0.011450381679389313,
                0.18606870229007633,
                0.08492366412213741
            ],
            [
                0.37416107382550334,
                0.15268456375838926,
                0.0016778523489932886,
                0.36577181208053694,
                0.10570469798657718
            ],
            [
                0.5967567567567568,
                0.011891891891891892,
                0.0,
                0.3427027027027027,
                0.04864864864864865
            ],
            [
                0.07503234152652005,
                0.037516170763260026,
                0.04139715394566624,
                0.8434670116429496,
                0.00258732212160414
            ],
            [
                0.1680517082179132,
                0.37765466297322253,
                0.0221606648199446,
                0.20960295475530932,
                0.22253000923361035
            ],
            [
                0.3486140724946695,
                0.28038379530916846,
                0.15031982942430705,
                0.21108742004264391,
                0.009594882729211088
            ],
            [
                0.7057569296375267,
                0.07782515991471216,
                0.029850746268656716,
                0.15778251599147122,
                0.028784648187633263
            ],
            [
                0.22639225181598063,
                0.34624697336561744,
                0.01937046004842615,
                0.36561743341404357,
                0.0423728813559322
            ],
            [
                0.42358604091456076,
                0.31889290012033694,
                0.0048134777376654635,
                0.18411552346570398,
                0.06859205776173286
            ],
            [
                0.2196620583717358,
                0.039938556067588324,
                0.018433179723502304,
                0.6897081413210445,
                0.03225806451612903
            ],
            [
                0.14613180515759314,
                0.5100286532951289,
                0.01002865329512894,
                0.3209169054441261,
                0.012893982808022923
            ],
            [
                0.5077574047954866,
                0.04936530324400564,
                0.004231311706629055,
                0.2933709449929478,
                0.14527503526093088
            ],
            [
                0.3358208955223881,
                0.23347547974413646,
                0.021321961620469083,
                0.35501066098081024,
                0.054371002132196165
            ],
            [
                0.07559808612440191,
                0.03923444976076555,
                0.06794258373205742,
                0.8114832535885167,
                0.005741626794258373
            ],
            [
                0.3163097199341021,
                0.054365733113673806,
                0.013179571663920923,
                0.6062602965403624,
                0.009884678747940691
            ],
            [
                0.25,
                0.11910377358490566,
                0.04716981132075472,
                0.5235849056603774,
                0.060141509433962265
            ],
            [
                0.3707602339181287,
                0.2046783625730994,
                0.014035087719298246,
                0.3730994152046784,
                0.03742690058479532
            ],
            [
                0.8163992869875223,
                0.0392156862745098,
                0.008912655971479501,
                0.13012477718360071,
                0.0053475935828877
            ],
            [
                0.3368869936034115,
                0.326226012793177,
                0.0,
                0.2601279317697228,
                0.0767590618336887
            ],
            [
                0.44707520891364905,
                0.08495821727019498,
                0.06963788300835655,
                0.3969359331476323,
                0.001392757660167131
            ],
            [
                0.702865761689291,
                0.042232277526395176,
                0.0015082956259426848,
                0.25037707390648567,
                0.0030165912518853697
            ],
            [
                0.3023983315954119,
                0.2127215849843587,
                0.13660062565172054,
                0.2523461939520334,
                0.09593326381647549
            ],
            [
                0.18997912317327767,
                0.24008350730688935,
                0.1315240083507307,
                0.4342379958246347,
                0.0041753653444676405
            ],
            [
                0.20845624385447395,
                0.2497541789577188,
                0.0029498525073746312,
                0.49557522123893805,
                0.043264503441494594
            ],
            [
                0.20298507462686566,
                0.2671641791044776,
                0.004477611940298508,
                0.48656716417910445,
                0.03880597014925373
            ],
            [
                0.34285714285714286,
                0.11558441558441558,
                0.00909090909090909,
                0.5233766233766234,
                0.00909090909090909
            ],
            [
                0.37089871611982883,
                0.20114122681883023,
                0.005706134094151213,
                0.4194008559201141,
                0.0028530670470756064
            ],
            [
                0.5996649916247906,
                0.11725293132328309,
                0.010050251256281407,
                0.2696817420435511,
                0.0033500837520938024
            ]
        ]
    },
    "evaluation": {
        "episode": [
            100,
            200,
            300,
            400,
            500,
            600,
            700,
            800,
            900,
            1000,
            1100,
            1200,
            1300,
            1400,
            1500,
            1600,
            1700,
            1800,
            1900,
            2000,
            2100,
            2200,
            2300,
            2400,
            2500,
            2600,
            2700,
            2800,
            2900,
            3000,
            3100,
            3200,
            3300,
            3400,
            3500,
            3600,
            3700,
            3800,
            3900,
            4000
        ],
        "n_eval_episodes": [
            25,
            25,
            25,
            25,
            25,
            25,
            25,
            25,
            25,
            25,
            25,
            25,
            25,
            25,
            25,
            25,
            25,
            25,
            25,
            25,
            25,
            25,
            25,
            25,
            25,
            25,
            25,
            25,
            25,
            25,
            25,
            25,
            25,
            25,
            25,
            25,
            25,
            25,
            25,
            25
        ],
        "eval_score": [
            -0.37155943033652505,
            -0.565308735223611,
            -0.3721641942632436,
            -0.38361023909050634,
            -0.46131957335101315,
            -0.41167738331706716,
            -0.3863491347848403,
            -0.40412806834150655,
            -0.4003920289002974,
            -0.3860452328160989,
            -0.2951348525816006,
            -0.3659187544678622,
            -0.31576544917596816,
            -0.28206360540860664,
            -0.3292086411367774,
            -0.2614483753896284,
            -0.26489389254338275,
            -0.3008084656435039,
            -0.31021052032409957,
            -0.3399657746636728,
            -0.30466192251935603,
            -0.2538115024792152,
            -0.3299020928520038,
            -0.43388222124816056,
            -0.2473326941885639,
            -0.2815113847108847,
            -0.28033810866176456,
            -0.30581229921938297,
            -0.24068346845242744,
            -0.28829623127745235,
            -0.30582270733277556,
            -0.3510023217134568,
            -0.22406439985286591,
            -0.37096607339429843,
            -0.40981877006840794,
            -0.3558058766887298,
            -0.27540680572830956,
            -0.31389694917342265,
            -0.27090560291640264,
            -0.2892787120937191
        ],
        "eval_completion": [
            0.0,
            0.0,
            0.0,
            0.0,
            0.06000000000000001,
            0.172,
            0.0,
            0.004,
            0.0,
            0.044000000000000004,
            0.4040000000000001,
            0.252,
            0.35600000000000004,
            0.3839999999999999,
            0.24799999999999997,
            0.46,
            0.41600000000000004,
            0.3360000000000001,
            0.312,
            0.14,
            0.364,
            0.43199999999999994,
            0.264,
            0.124,
            0.44,
            0.412,
            0.39599999999999996,
            0.324,
            0.512,
            0.32799999999999996,
            0.348,
            0.192,
            0.508,
            0.244,
            0.172,
            0.264,
            0.46,
            0.35600000000000004,
            0.46399999999999997,
            0.39599999999999996
        ],
        "eval_travel_time": [
            118.72,
            110.72,
            121.6,
            120.76,
            117.2,
            123.04,
            120.8,
            115.72,
            117.08,
            115.72,
            115.4,
            114.0,
            114.2,
            121.04,
            117.56,
            114.44,
            110.36,
            118.12,
            114.52,
            123.48,
            109.12,
            113.96,
            118.12,
            117.64,
            120.0,
            110.08,
            109.84,
            124.48,
            106.84,
            122.24,
            119.6,
            118.2,
            112.12,
            110.12,
            117.68,
            113.44,
            115.04,
            115.56,
            116.88,
            119.12
        ],
        "eval_deadlocks": [
            0.0,
            0.0,
            0.0,
            0.0,
            0.0,
            0.0,
            0.0,
            0.0,
            0.0,
            0.0,
            0.000125,
            0.0,
            0.0,
            0.0,
            0.0,
            0.0,
            0.0,
            0.0,
            0.0,
            0.0,
            0.0,
            0.0,
            0.0,
            0.0,
            0.0,
            0.0,
            0.0001923076923076923,
            0.0,
            0.0,
            0.0,
            0.0,
            0.0,
            0.0002474226804123711,
            0.0,
            0.0,
            0.0,
            0.0,
            0.0,
            0.0,
            0.0
        ]
    }
}