{
    "training": {
        "episode": [
            100,
            200,
            300,
            400,
            500,
            600,
            700,
            800,
            900,
            1000,
            1100,
            1200,
            1300,
            1400,
            1500,
            1600,
            1700,
            1800,
            1900,
            2000,
            2100,
            2200,
            2300,
            2400,
            2500,
            2600,
            2700,
            2800,
            2900,
            3000,
            3100,
            3200,
            3300,
            3400,
            3500,
            3600,
            3700,
            3800,
            3900,
            4000
        ],
        "score": [
            -0.5506849315068493,
            -0.4876712328767123,
            -0.4785714285714286,
            -0.5442477876106194,
            -0.5201388888888889,
            -0.4606896551724138,
            -0.3507246376811594,
            -0.47480916030534354,
            -0.17333333333333334,
            -0.35,
            -0.16333333333333333,
            -0.24027777777777778,
            -0.4161849710982659,
            -0.2702380952380952,
            -0.3841726618705036,
            -0.23194444444444445,
            -0.2786764705882353,
            -0.32280701754385965,
            -0.43597122302158275,
            -0.2083916083916084,
            -0.23809523809523808,
            -0.360377358490566,
            -0.3103448275862069,
            -0.42727272727272725,
            -0.2273972602739726,
            -0.39444444444444443,
            -0.06069651741293532,
            -0.19888268156424582,
            -0.16063829787234044,
            -0.21875,
            -0.46645962732919255,
            -0.41724137931034483,
            -0.4733668341708543,
            -0.34714285714285714,
            -0.35246913580246914,
            -0.36758620689655175,
            -0.35444444444444445,
            -0.3855072463768116,
            -0.30317460317460315,
            -0.05185185185185185
        ],
        "smoothed_score": [
            -0.6912312178196991,
            -0.567294744625934,
            -0.527418160876079,
            -0.5072823843287428,
            -0.48584081459184525,
            -0.4604256426595551,
            -0.40244983835931825,
            -0.3706779421432742,
            -0.3180354188195028,
            -0.32491463543544935,
            -0.3277381900908732,
            -0.33236366212114704,
            -0.3119578060648239,
            -0.32813946440551367,
            -0.3354396840646286,
            -0.30322493938536627,
            -0.29623899984515817,
            -0.3032233852451199,
            -0.2938627610608947,
            -0.29094258795707234,
            -0.2732181197083135,
            -0.28095850800169414,
            -0.27005005464547477,
            -0.26998732800769776,
            -0.25437881615810376,
            -0.2729251644245986,
            -0.2871164711735121,
            -0.2776405157783198,
            -0.266418525114428,
            -0.2640601159081926,
            -0.26253917803554155,
            -0.29754205904137304,
            -0.3092706637036716,
            -0.3088199131303307,
            -0.27413766195313616,
            -0.26867284668244285,
            -0.29663003142711847,
            -0.3082008920811717,
            -0.2778092129784727,
            -0.2878360911979545
        ],
        "completion": [
            0.0,
            0.0,
            0.1,
            0.0,
            0.0,
            0.2,
            0.3,
            0.1,
            0.4,
            0.3,
            0.6,
            0.6,
            0.2,
            0.3,
            0.1,
            0.4,
            0.2,
            0.4,
            0.2,
            0.5,
            0.3,
            0.3,
            0.3,
            0.0,
            0.3,
            0.4,
            0.7,
            0.8,
            0.4,
            0.3,
            0.2,
            0.3,
            0.0,
            0.2,
            0.4,
            0.1,
            0.2,
            0.0,
            0.2,
            0.8
        ],
        "smoothed_completion": [
            0.05060868507666468,
            0.0643362157978837,
            0.051163272217406595,
            0.08451763010186608,
            0.07879178431187912,
            0.11152797869258874,
            0.18978353998105815,
            0.25251815967582747,
            0.3440973050858077,
            0.3269674675332788,
            0.32660694293267584,
            0.3334874714344871,
            0.3586124644505854,
            0.3234357776773772,
            0.3037015002032638,
            0.37309169750130794,
            0.3723111535991327,
            0.3901059966729369,
            0.40406786015629625,
            0.3960455279232154,
            0.43506492195305896,
            0.4360921118812842,
            0.45053420123777027,
            0.45231094405480565,
            0.47023724740306716,
            0.44372844580904974,
            0.43151912820235866,
            0.4309716669686366,
            0.44186824201087166,
            0.45688136705979576,
            0.44691165812642747,
            0.3943375988511424,
            0.37132824529225744,
            0.36846388572951344,
            0.4284820632285519,
            0.44105002724142467,
            0.3855614928612154,
            0.37090715196996665,
            0.4359876772059196,
            0.3963603156383988
        ],
        "travel_time": [
            145,
            145,
            153,
            112,
            143,
            144,
            68,
            130,
            134,
            95,
            149,
            143,
            172,
            83,
            138,
            143,
            135,
            113,
            138,
            142,
            125,
            158,
            173,
            109,
            72,
            71,
            200,
            178,
            93,
            223,
            160,
            86,
            198,
            139,
            161,
            144,
            89,
            68,
            125,
            80
        ],
        "average_travel_time": [
            122.77,
            127.64,
            128.07666666666665,
            127.385,
            127.616,
            127.775,
            127.37142857142857,
            127.9025,
            128.54444444444445,
            127.865,
            128.00636363636363,
            128.59166666666667,
            128.68846153846152,
            129.37571428571428,
            128.99533333333332,
            128.823125,
            128.50882352941176,
            128.46,
            128.52052631578948,
            128.472,
            128.26,
            128.0909090909091,
            128.2108695652174,
            128.23125,
            127.9664,
            128.01846153846154,
            128.27666666666667,
            128.36392857142857,
            128.50931034482758,
            128.62666666666667,
            129.07225806451612,
            129.0721875,
            129.05424242424243,
            129.08676470588236,
            129.09114285714287,
            129.2877777777778,
            129.18297297297298,
            129.17947368421054,
            128.9671794871795,
            128.96125
        ],
        "normalized_deadlocks": [
            0.0,
            0.0,
            0.0,
            0.0,
            0.0,
            0.0,
            0.0,
            0.0,
            0.0,
            0.0,
            0.0,
            0.0,
            0.0,
            0.0,
            0.0,
            0.0,
            0.0,
            0.0,
            0.0,
            0.0,
            0.0,
            0.0,
            0.0,
            0.0,
            0.0,
            0.0,
            0.0,
            0.0,
            0.0,
            0.0,
            0.0,
            0.0,
            0.0,
            0.0,
            0.0,
            0.0,
            0.0,
            0.0,
            0.0,
            0.0
        ],
        "eps_start": [
            0.36603234127322926,
            0.13397967485796175,
            0.04904089407128576,
            0.017950553275045134,
            0.01,
            0.01,
            0.01,
            0.01,
            0.01,
            0.01,
            0.01,
            0.01,
            0.01,
            0.01,
            0.01,
            0.01,
            0.01,
            0.01,
            0.01,
            0.01,
            0.01,
            0.01,
            0.01,
            0.01,
            0.01,
            0.01,
            0.01,
            0.01,
            0.01,
            0.01,
            0.01,
            0.01,
            0.01,
            0.01,
            0.01,
            0.01,
            0.01,
            0.01,
            0.01,
            0.01
        ],
        "action_probs-[B, L, F, R, S]": [
            [
                0.18653690186536903,
                0.19626926196269262,
                0.06731549067315491,
                0.39983779399837793,
                0.15004055150040552
            ],
            [
                0.028037383177570093,
                0.1573208722741433,
                0.01557632398753894,
                0.15654205607476634,
                0.6425233644859814
            ],
            [
                0.07883461868037704,
                0.5758354755784062,
                0.011996572407883462,
                0.0805484147386461,
                0.2527849185946872
            ],
            [
                0.07958115183246073,
                0.3089005235602094,
                0.0020942408376963353,
                0.03664921465968586,
                0.5727748691099477
            ],
            [
                0.18423236514522823,
                0.017427385892116183,
                0.08381742738589211,
                0.46473029045643155,
                0.24979253112033195
            ],
            [
                0.04903846153846154,
                0.3798076923076923,
                0.10961538461538461,
                0.30288461538461536,
                0.15865384615384615
            ],
            [
                0.7189189189189189,
                0.02702702702702703,
                0.055855855855855854,
                0.1945945945945946,
                0.0036036036036036037
            ],
            [
                0.5295275590551181,
                0.03346456692913386,
                0.02952755905511811,
                0.2559055118110236,
                0.1515748031496063
            ],
            [
                0.8456449834619625,
                0.009922822491730982,
                0.0926130099228225,
                0.050716648291069456,
                0.0011025358324145535
            ],
            [
                0.3094098883572568,
                0.10207336523125997,
                0.09569377990430622,
                0.47527910685805425,
                0.017543859649122806
            ],
            [
                0.4,
                0.19148936170212766,
                0.17163120567375886,
                0.2028368794326241,
                0.03404255319148936
            ],
            [
                0.19609967497291442,
                0.29685807150595883,
                0.3087757313109426,
                0.19393282773564463,
                0.004333694474539545
            ],
            [
                0.08339952343129468,
                0.3177124702144559,
                0.07545671167593328,
                0.4725972994440032,
                0.050833995234312944
            ],
            [
                0.55052790346908,
                0.12066365007541478,
                0.08295625942684766,
                0.23378582202111614,
                0.012066365007541479
            ],
            [
                0.5622317596566524,
                0.08755364806866953,
                0.096137339055794,
                0.21030042918454936,
                0.04377682403433476
            ],
            [
                0.16129032258064516,
                0.5735887096774194,
                0.1350806451612903,
                0.1219758064516129,
                0.008064516129032258
            ],
            [
                0.47253886010362695,
                0.3233160621761658,
                0.05181347150259067,
                0.13575129533678756,
                0.016580310880829015
            ],
            [
                0.02882205513784461,
                0.600250626566416,
                0.10526315789473684,
                0.12406015037593984,
                0.14160401002506265
            ],
            [
                0.05324909747292419,
                0.5568592057761733,
                0.10379061371841156,
                0.1723826714801444,
                0.11371841155234658
            ],
            [
                0.4077025232403719,
                0.2456839309428951,
                0.18857901726427623,
                0.099601593625498,
                0.05843293492695883
            ],
            [
                0.22567567567567567,
                0.3716216216216216,
                0.060810810810810814,
                0.33513513513513515,
                0.006756756756756757
            ],
            [
                0.03186907838070629,
                0.1335055986218777,
                0.07062876830318691,
                0.7614125753660638,
                0.002583979328165375
            ],
            [
                0.35594713656387666,
                0.028193832599118944,
                0.0907488986784141,
                0.47577092511013214,
                0.04933920704845815
            ],
            [
                0.005235602094240838,
                0.7696335078534031,
                0.1319371727748691,
                0.02617801047120419,
                0.06701570680628273
            ],
            [
                0.15254237288135594,
                0.15819209039548024,
                0.09227871939736347,
                0.527306967984934,
                0.0696798493408663
            ],
            [
                0.4425287356321839,
                0.038314176245210725,
                0.21264367816091953,
                0.3045977011494253,
                0.0019157088122605363
            ],
            [
                0.10925449871465295,
                0.14395886889460155,
                0.23136246786632392,
                0.41516709511568123,
                0.10025706940874037
            ],
            [
                0.11301044634377967,
                0.09021842355175688,
                0.28110161443494774,
                0.38936372269705605,
                0.12630579297245964
            ],
            [
                0.015254237288135594,
                0.22203389830508474,
                0.3949152542372881,
                0.26101694915254237,
                0.10677966101694915
            ],
            [
                0.18664169787765295,
                0.26591760299625467,
                0.18601747815230962,
                0.1523096129837703,
                0.2091136079900125
            ],
            [
                0.32127476313522824,
                0.09302325581395349,
                0.16881998277347116,
                0.14039621016365203,
                0.27648578811369506
            ],
            [
                0.5256024096385542,
                0.24096385542168675,
                0.14909638554216867,
                0.07379518072289157,
                0.010542168674698794
            ],
            [
                0.06388361796331436,
                0.15939278937381404,
                0.012017710309930424,
                0.025932953826691967,
                0.7387729285262492
            ],
            [
                0.42742653606411396,
                0.1674087266251113,
                0.23330365093499555,
                0.13178984861976847,
                0.04007123775601069
            ],
            [
                0.31792376317923765,
                0.41524736415247365,
                0.0535279805352798,
                0.10624493106244931,
                0.1070559610705596
            ],
            [
                0.24360189573459715,
                0.037914691943127965,
                0.0909952606635071,
                0.22938388625592418,
                0.3981042654028436
            ],
            [
                0.7557803468208093,
                0.036127167630057806,
                0.10115606936416185,
                0.017341040462427744,
                0.08959537572254335
            ],
            [
                0.9107692307692308,
                0.006153846153846154,
                0.021538461538461538,
                0.05846153846153846,
                0.003076923076923077
            ],
            [
                0.3263041065482797,
                0.32297447280799113,
                0.22197558268590456,
                0.09988901220865705,
                0.02885682574916759
            ],
            [
                0.3243847874720358,
                0.026845637583892617,
                0.26174496644295303,
                0.38031319910514544,
                0.006711409395973154
            ]
        ]
    },
    "evaluation": {
        "episode": [
            100,
            200,
            300,
            400,
            500,
            600,
            700,
            800,
            900,
            1000,
            1100,
            1200,
            1300,
            1400,
            1500,
            1600,
            1700,
            1800,
            1900,
            2000,
            2100,
            2200,
            2300,
            2400,
            2500,
            2600,
            2700,
            2800,
            2900,
            3000,
            3100,
            3200,
            3300,
            3400,
            3500,
            3600,
            3700,
            3800,
            3900,
            4000
        ],
        "n_eval_episodes": [
            25,
            25,
            25,
            25,
            25,
            25,
            25,
            25,
            25,
            25,
            25,
            25,
            25,
            25,
            25,
            25,
            25,
            25,
            25,
            25,
            25,
            25,
            25,
            25,
            25,
            25,
            25,
            25,
            25,
            25,
            25,
            25,
            25,
            25,
            25,
            25,
            25,
            25,
            25,
            25
        ],
        "eval_score": [
            -0.37955393301212537,
            -0.5538928996338776,
            -0.38361407203961806,
            -0.499051271718109,
            -0.49236378496485356,
            -0.4127868187506317,
            -0.39533889104011566,
            -0.34211313715398217,
            -0.3501436519284697,
            -0.28818486417896333,
            -0.32661479736811183,
            -0.2719807027310914,
            -0.3594774873221826,
            -0.3763530735237093,
            -0.2376982557970098,
            -0.2987559712667367,
            -0.2769748866952655,
            -0.4067497438232695,
            -0.29613948493199227,
            -0.22784742146656123,
            -0.27327328170621595,
            -0.24023467471785637,
            -0.3679630302447299,
            -0.3290663538941865,
            -0.2330643850925012,
            -0.28930728991852456,
            -0.2564237985425313,
            -0.3716951167102649,
            -0.28490814367338546,
            -0.3520088601740398,
            -0.3351788433679584,
            -0.32404393146212906,
            -0.4115964980321421,
            -0.35781507740885327,
            -0.3324913427631115,
            -0.37705506875650163,
            -0.3481538498729144,
            -0.36292227411568917,
            -0.2438110587464336,
            -0.35354443122758644
        ],
        "eval_completion": [
            0.0,
            0.004,
            0.0,
            0.012000000000000002,
            0.08,
            0.252,
            0.11199999999999999,
            0.316,
            0.22399999999999998,
            0.39599999999999996,
            0.244,
            0.444,
            0.09200000000000001,
            0.084,
            0.5,
            0.34,
            0.34,
            0.04800000000000001,
            0.34,
            0.512,
            0.4040000000000001,
            0.456,
            0.11599999999999999,
            0.332,
            0.532,
            0.38800000000000007,
            0.452,
            0.14,
            0.44000000000000006,
            0.064,
            0.192,
            0.35200000000000004,
            0.0,
            0.16,
            0.296,
            0.10800000000000001,
            0.16,
            0.08800000000000001,
            0.46799999999999997,
            0.096
        ],
        "eval_travel_time": [
            127.92,
            123.4,
            121.24,
            118.52,
            136.64,
            141.28,
            125.2,
            122.64,
            129.72,
            141.68,
            116.36,
            134.2,
            136.48,
            139.6,
            134.44,
            147.2,
            127.68,
            128.96,
            130.88,
            129.2,
            123.36,
            140.0,
            133.8,
            123.68,
            140.08,
            145.32,
            123.68,
            119.28,
            110.88,
            138.64,
            138.52,
            140.28,
            120.8,
            141.56,
            125.72,
            130.88,
            135.84,
            129.64,
            123.92,
            131.64
        ],
        "eval_deadlocks": [
            0.0,
            0.0,
            0.0,
            0.0,
            0.0,
            0.0,
            0.0,
            0.0,
            0.0,
            0.0,
            0.0,
            0.0,
            0.0,
            0.0,
            0.00015873015873015873,
            0.0,
            0.0,
            0.0,
            0.0,
            0.0,
            0.0,
            0.0,
            0.0,
            0.0,
            0.0,
            0.0,
            0.0,
            0.0,
            0.0,
            0.0,
            0.0,
            0.0,
            0.0,
            0.0,
            0.0,
            0.0,
            0.0,
            0.0,
            0.0,
            0.0
        ]
    }
}